000000
000005
000010
000015
000020
000025
000030
000035
000040
000045
000050
000055
000060
000065
000070
000075
000080
000085
000090
000095
000100
000105
000110
000115
000120
000125
000130
000135
000140
000145
000150
000155
000160
000165
000170
000175
000180
000185
000190
000195
000200
000205
000210
000215
000220
000225
000230
000235
000240
000245
000250
000255
000260
000265
000270
000275
000280
000285
000290
000295
000300
000305
000310
000315
000320
000325
000330
000335
000340
000345
000350
000355
000360
000365
000370
000375
000380
000385
000390
000395
000400
000405
000410
000415
000420
000425
000430
000435
000440
000445
000450
000455
000460
000465
000470
000475
000480
000485
000490
000495
000500
000505
000510
000515
000520
000525
000530
000535
000540
000545
000550
000555
000560
000565
000570
000575
000580
000585
000590
000595
